1.000E-03 1.333E+00 1.348E-02 3.710E+03 0.000E+00 0.000E+00 3.711E+03
1.035E-03 1.326E+00 1.434E-02 3.381E+03 0.000E+00 0.000E+00 3.382E+03
1.072E-03 1.318E+00 1.525E-02 3.081E+03 0.000E+00 0.000E+00 3.082E+03
1.072E-03 1.318E+00 1.525E-02 3.092E+03 0.000E+00 0.000E+00 3.094E+03
1.500E-03 1.227E+00 2.717E-02 1.250E+03 0.000E+00 0.000E+00 1.251E+03
2.000E-03 1.105E+00 4.233E-02 5.585E+02 0.000E+00 0.000E+00 5.596E+02
2.145E-03 1.068E+00 4.674E-02 4.572E+02 0.000E+00 0.000E+00 4.584E+02
2.145E-03 1.068E+00 4.674E-02 4.639E+02 0.000E+00 0.000E+00 4.650E+02
2.303E-03 1.029E+00 5.146E-02 3.790E+02 0.000E+00 0.000E+00 3.801E+02
2.472E-03 9.880E-01 5.644E-02 3.093E+02 0.000E+00 0.000E+00 3.103E+02
2.472E-03 9.880E-01 5.644E-02 3.148E+02 0.000E+00 0.000E+00 3.159E+02
2.641E-03 9.477E-01 6.130E-02 2.603E+02 0.000E+00 0.000E+00 2.613E+02
2.822E-03 9.059E-01 6.633E-02 2.149E+02 0.000E+00 0.000E+00 2.159E+02
2.822E-03 9.059E-01 6.633E-02 2.178E+02 0.000E+00 0.000E+00 2.188E+02
3.000E-03 8.663E-01 7.109E-02 1.827E+02 0.000E+00 0.000E+00 1.836E+02
3.607E-03 7.426E-01 8.591E-02 1.065E+02 0.000E+00 0.000E+00 1.073E+02
3.607E-03 7.426E-01 8.591E-02 1.097E+02 0.000E+00 0.000E+00 1.105E+02
4.000E-03 6.732E-01 9.430E-02 8.084E+01 0.000E+00 0.000E+00 8.160E+01
5.000E-03 5.307E-01 1.119E-01 4.160E+01 0.000E+00 0.000E+00 4.224E+01
6.000E-03 4.283E-01 1.250E-01 2.401E+01 0.000E+00 0.000E+00 2.456E+01
8.000E-03 2.983E-01 1.425E-01 9.975E+00 0.000E+00 0.000E+00 1.042E+01
1.000E-02 2.232E-01 1.534E-01 5.003E+00 0.000E+00 0.000E+00 5.379E+00
1.500E-02 1.299E-01 1.684E-01 1.401E+00 0.000E+00 0.000E+00 1.699E+00
2.000E-02 8.624E-02 1.759E-01 5.610E-01 0.000E+00 0.000E+00 8.231E-01
3.000E-02 4.561E-02 1.814E-01 1.520E-01 0.000E+00 0.000E+00 3.790E-01
4.000E-02 2.794E-02 1.812E-01 5.966E-02 0.000E+00 0.000E+00 2.688E-01
5.000E-02 1.883E-02 1.788E-01 2.878E-02 0.000E+00 0.000E+00 2.264E-01
6.000E-02 1.354E-02 1.755E-01 1.583E-02 0.000E+00 0.000E+00 2.048E-01
8.000E-02 7.940E-03 1.682E-01 6.160E-03 0.000E+00 0.000E+00 1.823E-01
1.000E-01 5.201E-03 1.611E-01 2.963E-03 0.000E+00 0.000E+00 1.693E-01
1.500E-01 2.374E-03 1.460E-01 7.898E-04 0.000E+00 0.000E+00 1.492E-01
2.000E-01 1.350E-03 1.341E-01 3.135E-04 0.000E+00 0.000E+00 1.358E-01
3.000E-01 6.046E-04 1.169E-01 8.907E-05 0.000E+00 0.000E+00 1.175E-01
4.000E-01 3.411E-04 1.048E-01 3.825E-05 0.000E+00 0.000E+00 1.052E-01
5.000E-01 2.186E-04 9.574E-02 2.066E-05 0.000E+00 0.000E+00 9.598E-02
6.000E-01 1.519E-04 8.857E-02 1.288E-05 0.000E+00 0.000E+00 8.874E-02
8.000E-01 8.552E-05 7.784E-02 6.505E-06 0.000E+00 0.000E+00 7.793E-02
1.000E+00 5.475E-05 7.000E-02 4.044E-06 0.000E+00 0.000E+00 7.006E-02
1.022E+00 5.243E-05 6.927E-02 3.778E-06 0.000E+00 0.000E+00 6.932E-02
1.250E+00 3.506E-05 6.260E-02 2.564E-06 1.737E-05 0.000E+00 6.265E-02
1.500E+00 2.434E-05 5.689E-02 1.859E-06 9.602E-05 0.000E+00 5.701E-02
2.000E+00 1.369E-05 4.856E-02 1.167E-06 3.821E-04 0.000E+00 4.895E-02
2.044E+00 1.311E-05 4.794E-02 1.128E-06 4.117E-04 0.000E+00 4.837E-02
3.000E+00 6.086E-06 3.819E-02 6.497E-07 1.092E-03 1.336E-05 3.931E-02
4.000E+00 3.424E-06 3.186E-02 4.451E-07 1.771E-03 5.456E-05 3.369E-02
5.000E+00 2.191E-06 2.751E-02 3.370E-07 2.376E-03 1.087E-04 3.000E-02
6.000E+00 1.522E-06 2.432E-02 2.707E-07 2.920E-03 1.670E-04 2.741E-02
7.000E+00 1.118E-06 2.186E-02 2.260E-07 3.404E-03 2.251E-04 2.549E-02
8.000E+00 8.559E-07 1.989E-02 1.938E-07 3.839E-03 2.816E-04 2.401E-02
9.000E+00 6.764E-07 1.829E-02 1.696E-07 4.236E-03 3.358E-04 2.286E-02
1.000E+01 5.478E-07 1.694E-02 1.507E-07 4.594E-03 3.874E-04 2.193E-02
1.100E+01 4.527E-07 1.580E-02 1.356E-07 4.921E-03 4.364E-04 2.116E-02
1.200E+01 3.804E-07 1.482E-02 1.232E-07 5.221E-03 4.827E-04 2.053E-02
1.300E+01 3.242E-07 1.396E-02 1.129E-07 5.501E-03 5.266E-04 1.999E-02
1.400E+01 2.795E-07 1.321E-02 1.042E-07 5.761E-03 5.684E-04 1.954E-02
1.500E+01 2.435E-07 1.254E-02 9.674E-08 6.004E-03 6.079E-04 1.915E-02
1.600E+01 2.140E-07 1.194E-02 9.026E-08 6.233E-03 6.459E-04 1.882E-02
1.800E+01 1.691E-07 1.091E-02 7.959E-08 6.651E-03 7.163E-04 1.828E-02
2.000E+01 1.369E-07 1.006E-02 7.117E-08 7.026E-03 7.806E-04 1.787E-02
2.200E+01 1.132E-07 9.349E-03 6.436E-08 7.367E-03 8.402E-04 1.756E-02
2.400E+01 9.511E-08 8.736E-03 5.873E-08 7.678E-03 8.951E-04 1.731E-02
2.600E+01 8.104E-08 8.202E-03 5.401E-08 7.961E-03 9.461E-04 1.711E-02
2.800E+01 6.986E-08 7.738E-03 4.998E-08 8.224E-03 9.938E-04 1.696E-02
3.000E+01 6.087E-08 7.327E-03 4.653E-08 8.468E-03 1.038E-03 1.683E-02
4.000E+01 3.424E-08 5.822E-03 3.456E-08 9.460E-03 1.226E-03 1.651E-02
5.000E+01 2.191E-08 4.861E-03 2.748E-08 1.022E-02 1.373E-03 1.645E-02
6.000E+01 1.522E-08 4.186E-03 2.281E-08 1.081E-02 1.492E-03 1.649E-02
8.000E+01 8.559E-09 3.302E-03 1.702E-08 1.172E-02 1.677E-03 1.670E-02
1.000E+02 5.478E-09 2.741E-03 1.358E-08 1.239E-02 1.817E-03 1.694E-02
1.500E+02 2.434E-09 1.952E-03 9.014E-09 1.349E-02 2.062E-03 1.751E-02
2.000E+02 1.369E-09 1.531E-03 6.749E-09 1.417E-02 2.223E-03 1.793E-02
3.000E+02 6.086E-10 1.085E-03 4.489E-09 1.500E-02 2.431E-03 1.851E-02
4.000E+02 3.424E-10 8.495E-04 3.364E-09 1.548E-02 2.561E-03 1.889E-02
5.000E+02 2.191E-10 7.033E-04 2.690E-09 1.580E-02 2.651E-03 1.915E-02
6.000E+02 1.521E-10 6.023E-04 2.240E-09 1.603E-02 2.719E-03 1.935E-02
8.000E+02 8.559E-11 4.703E-04 1.680E-09 1.634E-02 2.814E-03 1.963E-02
1.000E+03 5.478E-11 3.869E-04 1.343E-09 1.655E-02 2.877E-03 1.981E-02
1.500E+03 2.434E-11 2.702E-04 8.950E-10 1.685E-02 2.974E-03 2.009E-02
2.000E+03 1.369E-11 2.091E-04 6.712E-10 1.701E-02 3.029E-03 2.025E-02
3.000E+03 6.086E-12 1.454E-04 4.473E-10 1.719E-02 3.089E-03 2.042E-02
4.000E+03 3.424E-12 1.122E-04 3.355E-10 1.728E-02 3.125E-03 2.052E-02
5.000E+03 2.191E-12 9.178E-05 2.684E-10 1.734E-02 3.147E-03 2.058E-02
6.000E+03 1.521E-12 7.783E-05 2.236E-10 1.738E-02 3.162E-03 2.062E-02
8.000E+03 8.559E-13 5.995E-05 1.677E-10 1.744E-02 3.183E-03 2.068E-02
1.000E+04 5.478E-13 4.894E-05 1.342E-10 1.747E-02 3.196E-03 2.072E-02
1.500E+04 2.434E-13 3.383E-05 8.943E-11 1.752E-02 3.214E-03 2.077E-02
2.000E+04 1.369E-13 2.601E-05 6.708E-11 1.755E-02 3.224E-03 2.080E-02
3.000E+04 6.086E-14 1.794E-05 4.473E-11 1.758E-02 3.235E-03 2.083E-02
4.000E+04 3.424E-14 1.377E-05 3.354E-11 1.759E-02 3.241E-03 2.085E-02
5.000E+04 2.191E-14 1.121E-05 2.683E-11 1.760E-02 3.245E-03 2.085E-02
6.000E+04 1.521E-14 9.480E-06 2.236E-11 1.761E-02 3.248E-03 2.086E-02
8.000E+04 8.559E-15 7.270E-06 1.677E-11 1.761E-02 3.250E-03 2.087E-02
1.000E+05 5.478E-15 5.912E-06 1.342E-11 1.762E-02 3.252E-03 2.088E-02