400.0;543459.0
401.0;515351.0
402.0;472233.0
403.0;417667.0
404.0;350702.0
405.0;279417.0
406.0;199868.0
407.0;141291.0
408.0;98601.0
409.0;68846.0
410.0;48981.0
411.0;34994.0
412.0;25446.0
413.0;17518.0
414.0;13216.0
415.0;10420.0
416.0;8574.0
417.0;7348.0
418.0;6590.0
419.0;5780.0
420.0;5206.0
421.0;4720.0
422.0;4530.0
423.0;4393.0
424.0;4301.0
425.0;4026.0
426.0;3899.0
427.0;3752.0
428.0;3700.0
429.0;3673.0
430.0;3472.0
431.0;3519.0
432.0;3466.0
433.0;3375.0
434.0;3434.0
435.0;3385.0
436.0;3261.0
437.0;3246.0
438.0;3108.0
439.0;3171.0
440.0;3158.0
441.0;3249.0
442.0;3015.0
443.0;3085.0
444.0;3086.0
445.0;2999.0
446.0;3071.0
447.0;2971.0
448.0;2983.0
449.0;2910.0
450.0;2897.0
451.0;2950.0
452.0;2959.0
453.0;2896.0
454.0;2926.0
455.0;2844.0
456.0;2852.0
457.0;2899.0
458.0;2878.0
459.0;2801.0
460.0;2785.0
461.0;2833.0
462.0;2904.0
463.0;2856.0
464.0;2786.0
465.0;2896.0
466.0;2764.0
467.0;2788.0
468.0;2770.0
469.0;2772.0
470.0;2788.0
471.0;2797.0
472.0;2705.0
473.0;2761.0
474.0;2900.0
475.0;2881.0
476.0;2930.0
477.0;3059.0
478.0;2851.0
479.0;2994.0
480.0;3074.0
481.0;3177.0
482.0;3231.0
483.0;3270.0
484.0;3297.0
485.0;3396.0
486.0;3379.0
487.0;3630.0
488.0;3694.0
489.0;3829.0
490.0;3748.0
491.0;3871.0
492.0;3936.0
493.0;4114.0
494.0;4137.0
495.0;4309.0
496.0;4373.0
497.0;4626.0
498.0;4848.0
499.0;4873.0
500.0;5084.0
501.0;5127.0
502.0;5344.0
503.0;5656.0
504.0;5838.0
505.0;6057.0
506.0;6193.0
507.0;6289.0
508.0;6250.0
509.0;6357.0
510.0;6357.0
511.0;6240.0
512.0;6074.0
513.0;5926.0
514.0;5383.0
515.0;5135.0
516.0;4685.0
517.0;4103.0
518.0;3624.0
519.0;3127.0
520.0;2856.0
521.0;2538.0
522.0;2226.0
523.0;2016.0
524.0;1936.0
525.0;1850.0
526.0;1866.0
527.0;1769.0
528.0;1853.0
529.0;1802.0
530.0;1687.0
531.0;1671.0
532.0;1730.0
533.0;1654.0
534.0;1732.0
535.0;1740.0
536.0;1697.0
537.0;1710.0
538.0;1730.0
539.0;1741.0
540.0;1634.0
