#Channel 0: 2000 bins, last bin corresponds to bin 80000 of the original binning.
#Channel 1: 2000 bins, last bin corresponds to bin 40000 of the original binning.
#Data starts below. The rebinning algorithm can result in fractional bin contents.
Bin;Channel 0;Channel 1
0;0;0
1;0;0
2;0;0
3;0;0
4;0;0
5;0;0
6;0;0
7;0;0
8;0;0
9;0;0
10;0;0
11;0;0
12;0;0
13;0;0
14;0;0
15;0;0
16;0;0
17;4;0
18;0;0
19;0;0
20;3;0
21;2;0
22;5;0
23;3;0
24;4;0
25;8;0
26;9;0
27;12;0
28;12;0
29;14;0
30;18;0
31;17;0
32;29;0
33;36;0
34;53;0
35;71;0
36;82;0
37;106;0
38;119;0
39;154;0
40;196;0
41;245;0
42;297;0
43;408;0
44;513;0
45;642;0
46;796;0
47;943;0
48;1154;0
49;1454;0
50;1728;0
51;2091;0
52;2462;0
53;2678;0
54;3033;0
55;3353;0
56;3856;0
57;4016;0
58;4262;0
59;4527;0
60;4908;0
61;5008;0
62;5025;0
63;5241;0
64;5395;0
65;5375;0
66;5394;0
67;5469;0
68;5640;0
69;5500;0
70;5465;0
71;5519;0
72;5541;0
73;5706;0
74;5629;0
75;5623;0
76;5588;0
77;5524;0
78;5564;0
79;5715;0
80;5671;0
81;5824;0
82;5860;0
83;5870;0
84;5822;0
85;5764;0
86;5771;0
87;5728;0
88;5823;0
89;5902;0
90;5807;0
91;5805;0
92;5854;0
93;5839;0
94;5965;0
95;5730;0
96;5786;0
97;5807;0
98;5828;0
99;5853;0
100;5809;0
101;5860;0
102;5753;0
103;5959;0
104;5815;0
105;5892;0
106;5890;0
107;5902;0
108;5775;0
109;5888;0
110;5793;0
111;5780;0
112;5851;0
113;5863;0
114;5914;0
115;5916;0
116;5866;0
117;5986;0
118;6001;0
119;5787;0
120;5922;0
121;5908;0
122;5820;0
123;5710;0
124;5899;0
125;5754;0
126;5840;0
127;5798;0
128;5804;0
129;5999;0
130;5708;0
131;5947;0
132;5848;0
133;5844;0
134;5871;0
135;5729;0
136;5796;0
137;5806;0
138;5705;0
139;5919;0
140;5714;0
141;5733;0
142;5805;0
143;5885;0
144;5658;0
145;5669;0
146;5796;0
147;5851;0
148;5833;0
149;5623;0
150;5716;0
151;5789;0
152;5750;0
153;5682;0
154;5627;0
155;5595;0
156;5685;0
157;5712;0
158;5741;0
159;5678;0
160;5647;0
161;5602;0
162;5726;0
163;5572;0
164;5682;0
165;5618;0
166;5665;0
167;5714;0
168;5701;0
169;5699;0
170;5629;0
171;5643;0
172;5562;0
173;5753;0
174;5658;0
175;5662;0
176;5637;0
177;5451;0
178;5761;0
179;5640;0
180;5570;0
181;5609;0
182;5656;0
183;5547;0
184;5599;0
185;5581;0
186;5578;0
187;5594;0
188;5653;0
189;5683;0
190;5671;0
191;5561;0
192;5577;0
193;5499;0
194;5473;0
195;5529;0
196;5514;0
197;5519;0
198;5456;0
199;5362;0
200;5471;0
201;5336;0
202;5388;0
203;5504;0
204;5419;0
205;5503;0
206;5332;0
207;5445;0
208;5539;0
209;5587;0
210;5459;0
211;5469;0
212;5547;0
213;5487;0
214;5398;0
215;5504;0
216;5434;0
217;5496;0
218;5376;0
219;5405;0
220;5212;0
221;5377;0
222;5395;0
223;5261;0
224;5407;0
225;5497;0
226;5332;0
227;5421;0
228;5383;0
229;5457;0
230;5353;0
231;5375;0
232;5360;0
233;5329;0
234;5390;0
235;5397;0
236;5225;0
237;5416;0
238;5406;0
239;5369;0
240;5295;0
241;5444;0
242;5315;0
243;5254;0
244;5272;0
245;5259;0
246;5321;0
247;5309;0
248;5316;0
249;5258;0
250;5272;0
251;5325;0
252;5187;0
253;5174;0
254;5272;0
255;5230;0
256;5278;0
257;5267;0
258;5187;0
259;5216;0
260;5313;0
261;5233;0
262;5231;0
263;5199;0
264;5365;0
265;5135;0
266;5144;0
267;5181;0
268;5209;0
269;5293;0
270;5163;0
271;5178;0
272;5133;0
273;5219;0
274;5162;0
275;5199;0
276;5230;0
277;5126;0
278;5100;0
279;5127;0
280;5265;0
281;5125;0
282;5239;0
283;5216;0
284;5051;0
285;5280;0
286;5167;0
287;5360;0
288;5125;0
289;5103;0
290;5238;0
291;5077;0
292;5095;0
293;5154;0
294;5161;0
295;5216;0
296;5201;0
297;5163;0
298;5151;0
299;5057;0
300;5166;0
301;5156;0
302;5065;0
303;5091;0
304;5106;0
305;5127;0
306;5165;0
307;5119;0
308;5102;0
309;5141;0
310;5163;0
311;5184;0
312;5090;0
313;5005;0
314;5143;0
315;5084;0
316;5029;0
317;5129;0
318;4994;0
319;5009;0
320;5080;0
321;5057;0
322;5006;0
323;5081;0
324;5076;0
325;4968;0
326;5052;0
327;4920;0
328;5014;0
329;5109;0
330;4978;0
331;4980;0
332;4981;0
333;5086;0
334;5005;0
335;4964;0
336;5125;0
337;5091;0
338;5045;0
339;5079;0
340;4966;0
341;5000;0
342;4984;0
343;5002;0
344;5189;0
345;5067;0
346;5000;0
347;4916;0
348;5050;0
349;4987;0
350;4943;0
351;5044;0
352;5034;0
353;5107;0
354;5030;0
355;5112;0
356;5189;0
357;5005;0
358;5047;0
359;5022;0
360;5067;0
361;4972;0
362;4978;0
363;4922;0
364;5044;0
365;5075;0
366;5199;0
367;5045;0
368;5070;0
369;5009;0
370;5020;0
371;4952;0
372;5131;0
373;5095;0
374;4962;0
375;5061;0
376;5088;0
377;4979;0
378;5100;0
379;5114;0
380;5030;0
381;5005;0
382;5314;0
383;5095;0
384;5110;0
385;5112;0
386;5137;0
387;5217;0
388;5068;0
389;5305;0
390;5231;0
391;5299;0
392;5253;0
393;5260;0
394;5352;0
395;5180;0
396;5251;0
397;5308;0
398;5269;0
399;5475;0
400;5310;0
401;5268;0
402;5504;0
403;5336;0
404;5375;0
405;5526;0
406;5401;0
407;5525;0
408;5371;0
409;5608;0
410;5483;0
411;5580;0
412;5674;0
413;5553;0
414;5682;0
415;5584;0
416;5716;0
417;5691;0
418;5741;0
419;5747;0
420;5777;0
421;5840;0
422;5787;0
423;5760;0
424;5744;0
425;5769;0
426;6045;0
427;5925;0
428;5866;0
429;5978;0
430;6167;0
431;6216;0
432;5996;0
433;6162;0
434;6095;0
435;6126;0
436;6082;0
437;6043;0
438;6290;0
439;6366;0
440;6317;0
441;6293;0
442;6309;0
443;6293;0
444;6372;0
445;6380;0
446;6445;0
447;6379;0
448;6384;0
449;6466;0
450;6634;0
451;6412;0
452;6354;0
453;6527;0
454;6493;0
455;6559;0
456;6705;0
457;6586;0
458;6660;0
459;6469;0
460;6451;0
461;6509;0
462;6501;0
463;6444;0
464;6510;0
465;6519;0
466;6510;0
467;6563;0
468;6438;0
469;6381;0
470;6284;0
471;6333;0
472;6235;0
473;6282;0
474;6405;0
475;6183;0
476;5998;0
477;6169;0
478;6161;0
479;5954;0
480;5959;0
481;5969;0
482;5764;0
483;5718;0
484;5680;0
485;5850;0
486;5617;0
487;5573;0
488;5346;0
489;5355;0
490;5143;0
491;5314;0
492;5238;0
493;5131;0
494;5026;0
495;4987;0
496;4874;0
497;4746;0
498;4738;0
499;4601;0
500;4531;0
501;4537;0
502;4443;0
503;4308;0
504;4173;0
505;4181;0
506;4025;0
507;3965;0
508;3785;0
509;3822;0
510;3759;0
511;3664;0
512;3494;0
513;3448;0
514;3502;0
515;3472;0
516;3403;0
517;3296;0
518;3137;0
519;3064;0
520;2988;0
521;2948;0
522;2870;0
523;2826;0
524;2776;0
525;2678;0
526;2674;0
527;2665;0
528;2504;0
529;2447;0
530;2444;0
531;2394;0
532;2285;0
533;2330;0
534;2211;0
535;2210;0
536;2232;0
537;2146;0
538;2106;0
539;2007;0
540;1977;0
541;2004;0
542;1940;0
543;1872;0
544;1876;0
545;1837;0
546;1746;0
547;1791;0
548;1730;0
549;1594;0
550;1680;0
551;1689;0
552;1675;0
553;1695;0
554;1555;0
555;1565;0
556;1560;0
557;1540;0
558;1514;0
559;1511;0
560;1430;0
561;1503;0
562;1442;0
563;1393;0
564;1395;0
565;1425;0
566;1411;0
567;1406;0
568;1359;0
569;1333;0
570;1322;0
571;1304;0
572;1408;0
573;1298;0
574;1315;0
575;1324;0
576;1318;0
577;1264;0
578;1267;0
579;1247;0
580;1285;0
581;1223;0
582;1238;0
583;1264;0
584;1282;0
585;1308;0
586;1207;0
587;1194;0
588;1125;0
589;1221;0
590;1183;0
591;1193;0
592;1234;0
593;1260;0
594;1209;0
595;1252;0
596;1205;0
597;1128;0
598;1234;0
599;1192;0
600;1231;0
601;1220;0
602;1181;0
603;1184;0
604;1154;0
605;1209;0
606;1113;0
607;1214;0
608;1189;0
609;1150;0
610;1141;0
611;1127;0
612;1158;0
613;1166;0
614;1190;0
615;1121;0
616;1168;0
617;1191;0
618;1189;0
619;1152;0
620;1175;0
621;1206;0
622;1162;0
623;1133;0
624;1113;0
625;1139;0
626;1158;0
627;1131;0
628;1154;0
629;1130;0
630;1176;0
631;1186;0
632;1134;0
633;1150;0
634;1239;0
635;1142;0
636;1167;0
637;1163;0
638;1159;0
639;1116;0
640;1168;0
641;1139;0
642;1153;0
643;1107;0
644;1130;0
645;1171;0
646;1156;0
647;1144;0
648;1181;0
649;1224;0
650;1200;0
651;1194;0
652;1149;0
653;1144;0
654;1179;0
655;1167;0
656;1104;0
657;1156;0
658;1167;0
659;1168;0
660;1145;0
661;1138;0
662;1176;0
663;1069;0
664;1113;0
665;1134;0
666;1201;0
667;1127;0
668;1123;0
669;1136;0
670;1155;0
671;1141;0
672;1134;0
673;1190;0
674;1126;0
675;1156;0
676;1166;0
677;1160;0
678;1114;0
679;1121;0
680;1146;0
681;1161;0
682;1114;0
683;1203;0
684;1079;0
685;1118;0
686;1105;0
687;1122;0
688;1138;0
689;1196;0
690;1135;0
691;1118;0
692;1078;0
693;1207;0
694;1119;0
695;1116;0
696;1172;0
697;1157;0
698;1166;0
699;1139;0
700;1200;0
701;1150;0
702;1117;0
703;1129;0
704;1092;0
705;1100;0
706;1128;0
707;1150;0
708;1134;0
709;1126;0
710;1113;0
711;1114;0
712;1129;0
713;1123;0
714;1102;0
715;1173;0
716;1148;0
717;1128;0
718;1071;0
719;1098;0
720;1171;0
721;1133;0
722;1139;0
723;1131;0
724;1127;0
725;1171;0
726;1117;0
727;1136;0
728;1108;0
729;1103;0
730;1197;0
731;1111;0
732;1119;0
733;1085;0
734;1167;0
735;1065;0
736;1118;0
737;1084;0
738;1145;0
739;1166;0
740;1141;0
741;1097;0
742;1092;0
743;1089;0
744;1122;0
745;1097;0
746;1083;0
747;1145;0
748;1114;0
749;1162;0
750;1125;0
751;1134;0
752;1118;0
753;1150;0
754;1122;0
755;1130;0
756;1095;0
757;1128;0
758;1100;0
759;1044;0
760;1112;0
761;1127;0
762;1124;0
763;1121;0
764;1093;0
765;1038;0
766;996;0
767;1063;0
768;1067;0
769;1108;0
770;1096;0
771;1092;0
772;1045;0
773;1085;0
774;1089;0
775;1045;0
776;1157;0
777;1081;0
778;1118;0
779;1002;0
780;1140;0
781;1075;0
782;1073;0
783;1153;0
784;1111;0
785;1089;0
786;1067;0
787;1115;0
788;1130;0
789;1142;0
790;1047;0
791;1066;0
792;1081;0
793;1164;0
794;1040;0
795;1096;0
796;1099;0
797;1089;0
798;1058;0
799;1079;0
800;1106;0
801;1046;0
802;1059;0
803;1073;0
804;1055;0
805;1097;0
806;1054;0
807;1013;0
808;1101;0
809;1132;0
810;1113;0
811;1111;0
812;1119;0
813;1129;0
814;1104;0
815;1097;0
816;1082;0
817;1102;0
818;1094;0
819;1223;0
820;1051;0
821;1066;0
822;1084;0
823;1106;0
824;1070;0
825;1055;0
826;1010;0
827;1103;0
828;1093;0
829;1109;0
830;1098;0
831;1097;0
832;1093;0
833;1087;0
834;1126;0
835;1102;0
836;1150;0
837;1156;0
838;1096;0
839;1055;0
840;1110;0
841;1147;0
842;1088;0
843;1089;0
844;1139;0
845;1093;0
846;1100;0
847;1154;0
848;1122;0
849;1081;0
850;1091;0
851;1048;0
852;1110;0
853;1148;0
854;1131;0
855;1140;0
856;1143;0
857;1142;0
858;1150;0
859;1138;0
860;1087;0
861;1038;0
862;1141;0
863;1117;0
864;1105;0
865;1229;0
866;1119;0
867;1151;0
868;1126;0
869;1082;0
870;1097;0
871;1190;0
872;1119;0
873;1183;0
874;1127;0
875;1188;0
876;1161;0
877;1117;0
878;1146;0
879;1182;0
880;1090;0
881;1142;0
882;1254;0
883;1183;0
884;1174;0
885;1146;0
886;1114;0
887;1165;0
888;1151;0
889;1182;0
890;1146;0
891;1247;0
892;1191;0
893;1165;0
894;1157;0
895;1099;0
896;1191;0
897;1155;0
898;1159;0
899;1174;0
900;1128;0
901;1148;0
902;1162;0
903;1207;0
904;1241;0
905;1222;0
906;1162;0
907;1141;0
908;1186;0
909;1123;0
910;1237;0
911;1175;0
912;1116;0
913;1175;0
914;1187;0
915;1155;0
916;1159;0
917;1154;0
918;1204;0
919;1176;0
920;1142;0
921;1172;0
922;1152;0
923;1092;0
924;1078;0
925;1126;0
926;1096;0
927;1178;0
928;1142;0
929;1095;0
930;1104;0
931;1126;0
932;1160;0
933;1179;0
934;1104;0
935;1071;0
936;1129;0
937;1078;0
938;1032;0
939;1122;0
940;1107;0
941;1034;0
942;1044;0
943;1042;0
944;1049;0
945;1005;0
946;1020;0
947;1031;0
948;949;0
949;1018;0
950;1013;0
951;983;0
952;1019;0
953;955;0
954;965;0
955;1024;0
956;937;0
957;928;0
958;941;0
959;940;0
960;866;0
961;862;0
962;900;0
963;836;0
964;799;0
965;824;0
966;888;0
967;823;0
968;773;0
969;787;0
970;757;0
971;758;0
972;756;0
973;737;0
974;737;0
975;731;0
976;702;0
977;682;0
978;672;0
979;668;0
980;688;0
981;645;0
982;605;0
983;634;0
984;664;0
985;642;0
986;601;0
987;569;0
988;567;0
989;550;0
990;557;0
991;545;0
992;519;0
993;508;0
994;538;0
995;533;0
996;466;0
997;475;0
998;453;0
999;449;0
1000;409;0
1001;428;0
1002;422;0
1003;397;0
1004;431;0
1005;415;0
1006;369;0
1007;356;0
1008;348;0
1009;348;0
1010;311;0
1011;322;0
1012;290;0
1013;328;0
1014;294;0
1015;297;0
1016;290;0
1017;271;0
1018;264;0
1019;279;0
1020;250;0
1021;229;0
1022;208;0
1023;217;0
1024;202;0
1025;222;0
1026;212;0
1027;210;0
1028;196;0
1029;192;0
1030;163;0
1031;172;0
1032;156;0
1033;149;0
1034;126;0
1035;136;0
1036;159;0
1037;156;0
1038;117;0
1039;146;0
1040;115;0
1041;134;0
1042;122;0
1043;101;0
1044;129;0
1045;111;0
1046;101;0
1047;90;0
1048;97;0
1049;77;0
1050;82;0
1051;71;0
1052;80;0
1053;83;0
1054;59;0
1055;67;0
1056;64;0
1057;66;0
1058;59;0
1059;71;0
1060;64;0
1061;51;0
1062;50;0
1063;50;0
1064;43;0
1065;45;0
1066;49;0
1067;32;0
1068;52;0
1069;40;0
1070;31;0
1071;32;0
1072;21;0
1073;41;0
1074;32;0
1075;25;0
1076;17;0
1077;33;0
1078;33;0
1079;27;0
1080;24;0
1081;30;0
1082;20;0
1083;19;0
1084;16;0
1085;25;0
1086;16;0
1087;18;0
1088;22;0
1089;26;0
1090;20;0
1091;22;0
1092;16;0
1093;12;0
1094;16;0
1095;11;0
1096;9;0
1097;16;0
1098;18;0
1099;12;0
1100;4;0
1101;10;0
1102;8;0
1103;10;0
1104;14;0
1105;15;0
1106;5;0
1107;7;0
1108;4;0
1109;7;0
1110;7;0
1111;3;0
1112;10;0
1113;6;0
1114;3;0
1115;7;0
1116;8;0
1117;6;0
1118;7;0
1119;6;0
1120;6;0
1121;3;0
1122;5;0
1123;5;0
1124;5;0
1125;10;0
1126;5;0
1127;3;0
1128;4;0
1129;4;0
1130;5;0
1131;5;0
1132;4;0
1133;6;0
1134;4;0
1135;5;0
1136;4;0
1137;1;0
1138;9;0
1139;3;0
1140;3;0
1141;3;0
1142;6;0
1143;4;0
1144;2;0
1145;2;0
1146;3;0
1147;1;0
1148;4;0
1149;5;0
1150;4;0
1151;3;0
1152;1;0
1153;6;0
1154;3;0
1155;4;0
1156;3;0
1157;4;0
1158;4;0
1159;3;0
1160;2;0
1161;3;0
1162;1;0
1163;3;0
1164;2;0
1165;2;0
1166;4;0
1167;3;0
1168;2;0
1169;2;0
1170;2;0
1171;0;0
1172;0;0
1173;2;0
1174;4;0
1175;4;0
1176;3;0
1177;1;0
1178;2;0
1179;2;0
1180;3;0
1181;1;0
1182;2;0
1183;3;0
1184;3;0
1185;1;0
1186;3;0
1187;3;0
1188;2;0
1189;3;0
1190;1;0
1191;2;0
1192;3;0
1193;2;0
1194;2;0
1195;2;0
1196;3;0
1197;2;0
1198;1;0
1199;1;0
1200;2;0
1201;2;0
1202;1;0
1203;3;0
1204;3;0
1205;3;0
1206;1;0
1207;0;0
1208;2;0
1209;2;0
1210;1;0
1211;3;0
1212;2;0
1213;1;0
1214;3;0
1215;1;0
1216;2;0
1217;1;0
1218;0;0
1219;1;0
1220;1;0
1221;0;0
1222;0;0
1223;2;0
1224;0;0
1225;1;0
1226;2;0
1227;2;0
1228;1;0
1229;2;0
1230;3;0
1231;2;0
1232;1;0
1233;3;0
1234;1;0
1235;3;0
1236;3;0
1237;1;0
1238;0;0
1239;2;0
1240;3;0
1241;2;0
1242;3;0
1243;5;0
1244;2;0
1245;1;0
1246;1;0
1247;2;0
1248;1;0
1249;0;0
1250;1;0
1251;2;0
1252;2;0
1253;1;0
1254;0;0
1255;3;0
1256;2;0
1257;3;0
1258;2;0
1259;1;0
1260;0;0
1261;1;0
1262;2;0
1263;3;0
1264;2;0
1265;2;0
1266;1;0
1267;3;0
1268;1;0
1269;2;0
1270;0;0
1271;1;0
1272;1;0
1273;1;0
1274;4;0
1275;2;0
1276;1;0
1277;5;0
1278;3;0
1279;4;0
1280;2;0
1281;1;0
1282;1;0
1283;2;0
1284;1;0
1285;4;0
1286;1;0
1287;2;0
1288;0;0
1289;2;0
1290;4;0
1291;1;0
1292;0;0
1293;2;0
1294;1;0
1295;3;0
1296;1;0
1297;2;0
1298;1;0
1299;1;0
1300;2;0
1301;1;0
1302;0;0
1303;2;0
1304;0;0
1305;1;0
1306;4;0
1307;2;0
1308;1;0
1309;2;0
1310;1;0
1311;0;0
1312;3;0
1313;2;0
1314;0;0
1315;2;0
1316;2;0
1317;2;0
1318;1;0
1319;0;0
1320;2;0
1321;2;0
1322;0;0
1323;4;0
1324;0;0
1325;2;0
1326;0;0
1327;1;0
1328;0;0
1329;0;0
1330;1;0
1331;1;0
1332;1;0
1333;1;0
1334;1;0
1335;3;0
1336;1;0
1337;0;0
1338;1;0
1339;3;0
1340;1;0
1341;4;0
1342;3;0
1343;3;0
1344;3;0
1345;0;0
1346;1;0
1347;2;0
1348;0;0
1349;0;0
1350;2;0
1351;1;0
1352;2;0
1353;2;0
1354;2;0
1355;1;0
1356;2;0
1357;0;0
1358;0;0
1359;2;0
1360;0;0
1361;1;0
1362;2;0
1363;0;0
1364;2;0
1365;0;0
1366;1;0
1367;0;0
1368;0;0
1369;1;0
1370;1;0
1371;1;0
1372;1;0
1373;1;0
1374;1;0
1375;0;0
1376;2;0
1377;1;0
1378;0;0
1379;1;0
1380;2;0
1381;3;0
1382;0;0
1383;0;0
1384;0;0
1385;1;0
1386;4;0
1387;3;0
1388;1;0
1389;3;0
1390;0;0
1391;2;0
1392;1;0
1393;0;0
1394;0;0
1395;0;0
1396;1;0
1397;0;0
1398;1;0
1399;1;0
1400;0;0
1401;1;0
1402;1;0
1403;1;0
1404;2;0
1405;0;0
1406;0;0
1407;1;0
1408;0;0
1409;1;0
1410;0;0
1411;2;0
1412;0;0
1413;1;0
1414;1;0
1415;3;0
1416;0;0
1417;3;0
1418;2;0
1419;1;0
1420;1;0
1421;1;0
1422;0;0
1423;1;0
1424;0;0
1425;2;0
1426;0;0
1427;0;0
1428;1;0
1429;0;0
1430;0;0
1431;1;0
1432;0;0
1433;1;0
1434;1;0
1435;0;0
1436;0;0
1437;2;0
1438;1;0
1439;1;0
1440;0;0
1441;0;0
1442;0;0
1443;1;0
1444;0;0
1445;0;0
1446;1;0
1447;0;0
1448;0;0
1449;0;0
1450;0;0
1451;0;0
1452;0;0
1453;0;0
1454;0;0
1455;0;0
1456;1;0
1457;0;0
1458;0;0
1459;0;0
1460;0;0
1461;0;0
1462;1;0
1463;0;0
1464;2;0
1465;1;0
1466;0;0
1467;0;0
1468;2;0
1469;0;0
1470;0;0
1471;1;0
1472;1;0
1473;1;0
1474;0;0
1475;0;0
1476;0;0
1477;0;0
1478;0;0
1479;3;0
1480;1;0
1481;0;0
1482;2;0
1483;0;0
1484;0;0
1485;2;0
1486;1;0
1487;0;0
1488;1;0
1489;0;0
1490;0;0
1491;0;0
1492;0;0
1493;0;0
1494;0;0
1495;0;0
1496;1;0
1497;1;0
1498;0;0
1499;0;0
1500;0;0
1501;2;0
1502;1;0
1503;1;0
1504;0;0
1505;1;0
1506;0;0
1507;0;0
1508;0;0
1509;0;0
1510;1;0
1511;0;0
1512;0;0
1513;0;0
1514;0;0
1515;0;0
1516;0;0
1517;1;0
1518;0;0
1519;0;0
1520;0;0
1521;1;0
1522;0;0
1523;0;0
1524;0;0
1525;2;0
1526;0;0
1527;2;0
1528;0;0
1529;0;0
1530;0;0
1531;0;0
1532;2;0
1533;0;0
1534;0;0
1535;0;0
1536;0;0
1537;0;0
1538;0;0
1539;0;0
1540;0;0
1541;0;0
1542;0;0
1543;2;0
1544;0;0
1545;0;0
1546;0;0
1547;0;0
1548;0;0
1549;0;0
1550;1;0
1551;0;0
1552;0;0
1553;0;0
1554;0;0
1555;1;0
1556;0;0
1557;0;0
1558;0;0
1559;2;0
1560;0;0
1561;0;0
1562;0;0
1563;0;0
1564;0;0
1565;0;0
1566;0;0
1567;0;0
1568;0;0
1569;0;0
1570;0;0
1571;0;0
1572;0;0
1573;0;0
1574;0;0
1575;1;0
1576;1;0
1577;0;0
1578;0;0
1579;1;0
1580;1;0
1581;0;0
1582;0;0
1583;0;0
1584;0;0
1585;1;0
1586;0;0
1587;0;0
1588;1;0
1589;0;0
1590;0;0
1591;0;0
1592;0;0
1593;0;0
1594;0;0
1595;0;0
1596;0;0
1597;0;0
1598;0;0
1599;1;0
1600;0;0
1601;0;0
1602;0;0
1603;1;0
1604;0;0
1605;0;0
1606;0;0
1607;2;0
1608;1;0
1609;1;0
1610;0;0
1611;0;0
1612;0;0
1613;0;0
1614;1;0
1615;0;0
1616;0;0
1617;1;0
1618;0;0
1619;0;0
1620;0;0
1621;2;0
1622;0;0
1623;1;0
1624;0;0
1625;0;0
1626;0;0
1627;2;0
1628;0;0
1629;1;0
1630;0;0
1631;0;0
1632;0;0
1633;0;0
1634;0;0
1635;0;0
1636;0;0
1637;1;0
1638;0;0
1639;0;0
1640;0;0
1641;0;0
1642;0;0
1643;1;0
1644;0;0
1645;0;0
1646;1;0
1647;0;0
1648;3;0
1649;0;0
1650;0;0
1651;0;0
1652;0;0
1653;0;0
1654;0;0
1655;1;0
1656;1;0
1657;0;0
1658;0;0
1659;0;0
1660;0;0
1661;1;0
1662;0;0
1663;0;0
1664;0;0
1665;0;0
1666;0;0
1667;0;0
1668;1;0
1669;0;0
1670;0;0
1671;0;0
1672;0;0
1673;0;0
1674;0;0
1675;0;0
1676;0;0
1677;0;0
1678;0;0
1679;0;0
1680;0;0
1681;0;0
1682;1;0
1683;1;0
1684;0;0
1685;0;0
1686;0;0
1687;0;0
1688;1;0
1689;0;0
1690;0;0
1691;0;0
1692;0;0
1693;0;0
1694;2;0
1695;0;0
1696;0;0
1697;1;0
1698;0;0
1699;0;0
1700;0;0
1701;0;0
1702;0;0
1703;0;0
1704;0;0
1705;0;0
1706;0;0
1707;0;0
1708;0;0
1709;0;0
1710;0;0
1711;1;0
1712;1;0
1713;0;0
1714;0;0
1715;0;0
1716;0;0
1717;0;0
1718;0;0
1719;0;0
1720;0;0
1721;0;0
1722;0;0
1723;0;0
1724;0;0
1725;0;0
1726;0;0
1727;0;0
1728;0;0
1729;0;0
1730;0;0
1731;0;0
1732;0;0
1733;0;0
1734;1;0
1735;0;0
1736;1;0
1737;1;0
1738;0;0
1739;0;0
1740;0;0
1741;0;0
1742;0;0
1743;0;0
1744;0;0
1745;0;0
1746;0;0
1747;0;0
1748;0;0
1749;0;0
1750;0;0
1751;0;0
1752;0;0
1753;0;0
1754;0;0
1755;0;0
1756;0;0
1757;0;0
1758;0;0
1759;1;0
1760;0;0
1761;0;0
1762;0;0
1763;0;0
1764;0;0
1765;0;0
1766;0;0
1767;0;0
1768;0;0
1769;0;0
1770;1;0
1771;0;0
1772;1;0
1773;0;0
1774;1;0
1775;0;0
1776;0;0
1777;1;0
1778;0;0
1779;0;0
1780;0;0
1781;0;0
1782;0;0
1783;0;0
1784;0;0
1785;1;0
1786;0;0
1787;1;0
1788;0;0
1789;0;0
1790;0;0
1791;1;0
1792;0;0
1793;0;0
1794;1;0
1795;0;0
1796;0;0
1797;1;0
1798;0;0
1799;0;0
1800;0;0
1801;0;0
1802;0;0
1803;0;0
1804;0;0
1805;0;0
1806;0;0
1807;0;0
1808;1;0
1809;0;0
1810;0;0
1811;0;0
1812;0;0
1813;0;0
1814;0;0
1815;0;0
1816;1;0
1817;0;0
1818;0;0
1819;0;0
1820;0;0
1821;0;0
1822;0;0
1823;0;0
1824;0;0
1825;0;0
1826;0;0
1827;0;0
1828;0;0
1829;0;0
1830;0;0
1831;0;0
1832;0;0
1833;0;0
1834;0;0
1835;0;0
1836;0;0
1837;0;0
1838;0;0
1839;0;0
1840;0;0
1841;0;0
1842;0;0
1843;0;0
1844;0;0
1845;1;0
1846;1;0
1847;0;0
1848;1;0
1849;0;0
1850;0;0
1851;0;0
1852;0;0
1853;0;0
1854;0;0
1855;0;0
1856;0;0
1857;1;0
1858;0;0
1859;1;0
1860;0;0
1861;0;0
1862;0;0
1863;0;0
1864;0;0
1865;0;0
1866;0;0
1867;0;0
1868;0;0
1869;0;0
1870;0;0
1871;0;0
1872;0;0
1873;0;0
1874;0;0
1875;0;0
1876;0;0
1877;0;0
1878;0;0
1879;0;0
1880;0;0
1881;0;0
1882;1;0
1883;0;0
1884;0;0
1885;0;0
1886;0;0
1887;0;0
1888;1;0
1889;0;0
1890;0;0
1891;0;0
1892;0;0
1893;0;0
1894;0;0
1895;0;0
1896;0;0
1897;0;0
1898;0;0
1899;0;0
1900;0;0
1901;0;0
1902;0;0
1903;0;0
1904;0;0
1905;0;0
1906;0;0
1907;0;0
1908;0;0
1909;0;0
1910;0;0
1911;0;0
1912;0;0
1913;0;0
1914;0;0
1915;0;0
1916;0;0
1917;0;0
1918;0;0
1919;0;0
1920;0;0
1921;0;0
1922;0;0
1923;0;0
1924;0;0
1925;0;0
1926;0;0
1927;0;0
1928;0;0
1929;0;0
1930;0;0
1931;0;0
1932;0;0
1933;0;0
1934;0;0
1935;0;0
1936;0;0
1937;0;0
1938;0;0
1939;0;0
1940;0;0
1941;0;0
1942;0;0
1943;0;0
1944;0;0
1945;0;0
1946;0;0
1947;0;0
1948;0;0
1949;0;0
1950;1;0
1951;0;0
1952;0;0
1953;0;0
1954;0;0
1955;0;0
1956;0;0
1957;0;0
1958;0;0
1959;0;0
1960;0;0
1961;0;0
1962;0;0
1963;0;0
1964;0;0
1965;0;0
1966;0;0
1967;0;0
1968;0;0
1969;0;0
1970;0;0
1971;0;0
1972;0;0
1973;0;0
1974;0;0
1975;0;0
1976;0;0
1977;0;0
1978;0;0
1979;0;0
1980;0;0
1981;0;0
1982;0;0
1983;0;0
1984;0;0
1985;0;0
1986;0;0
1987;0;0
1988;0;0
1989;0;0
1990;0;0
1991;0;0
1992;0;0
1993;0;0
1994;0;0
1995;0;0
1996;0;0
1997;0;0
1998;0;0
1999;0;0
